conv_id,template_id,WC,Tone
claude_1,0,19,1
claude_1,4,23,1
claude_1,3,12,
claude_1,9,24,1
claude_1,1,17,20.23
claude_4,3,13,
claude_4,4,17,
claude_4,0,17,1
claude_4,9,18,
claude_4,1,15,
claude_5,3,17,
claude_5,1,12,
claude_5,9,8,1
claude_5,0,21,88.66
claude_5,4,12,20.23
claude_18,4,12,
claude_18,9,26,
claude_18,0,24,
claude_18,3,15,
claude_18,1,12,
claude_21,1,24,1
claude_21,4,11,
claude_21,3,20,1
claude_21,9,23,1
claude_21,0,21,1
claude_22,0,12,1
claude_22,9,27,1
claude_22,4,14,
claude_22,1,17,20.23
claude_22,3,13,
claude_34,4,11,1
claude_34,0,21,1
claude_34,3,16,96.74
claude_34,1,13,
claude_34,9,27,
claude_37,0,26,1
claude_37,1,15,1
claude_37,4,10,1
claude_37,9,33,1.71
claude_37,3,14,20.23
claude_38,1,29,1
claude_38,0,26,20.23
claude_38,3,15,99
claude_38,9,35,1.98
claude_38,4,16,96.74
claude_39,0,15,20.23
claude_39,9,33,1.71
claude_39,3,18,20.23
claude_39,4,12,
claude_39,1,11,1
claude_45,3,12,1
claude_45,0,16,1
claude_45,9,29,74.09
claude_45,1,20,1
claude_45,4,9,
claude_49,3,13,
claude_49,1,20,
claude_49,4,14,
claude_49,9,25,81.12
claude_49,0,17,
claude_52,0,17,
claude_52,3,15,
claude_52,1,13,
claude_52,9,31,
claude_52,4,17,
claude_62,0,20,1
claude_62,3,25,
claude_62,9,28,1
claude_62,1,26,
claude_62,4,19,
claude_73,0,13,
claude_73,1,12,
claude_73,9,19,
claude_73,4,11,99
claude_73,3,9,
claude_74,1,14,
claude_74,3,12,
claude_74,9,25,
claude_74,4,13,
claude_74,0,12,
claude_88,9,29,
claude_88,0,13,
claude_88,1,10,99
claude_88,4,8,
claude_88,3,15,97.84
claude_89,0,22,1
claude_89,1,22,1
claude_89,3,13,1
claude_89,9,28,1
claude_89,4,13,
claude_118,0,19,99
claude_118,1,12,20.23
claude_118,4,14,98.65
claude_118,9,26,99
claude_118,3,17,20.23
claude_120,0,24,20.23
claude_120,3,15,20.23
claude_120,1,14,1
claude_120,9,19,1
claude_120,4,14,20.23
claude_122,0,25,20.23
claude_122,1,23,99
claude_122,3,17,1
claude_122,4,13,20.23
claude_122,9,16,1
claude_123,3,12,
claude_123,4,14,98.65
claude_123,1,19,1
claude_123,0,15,20.23
claude_123,9,24,1
claude_124,1,13,1
claude_124,3,10,1
claude_124,0,27,1
claude_124,9,26,1
claude_124,4,13,1
claude_125,0,22,1
claude_125,1,18,1
claude_125,3,14,20.23
claude_125,4,12,99
claude_125,9,22,1
claude_126,4,12,1
claude_126,3,15,
claude_126,9,24,20.23
claude_126,0,19,1
claude_126,1,16,20.23
claude_129,3,15,97.84
claude_129,4,20,20.23
claude_129,0,23,84.9
claude_129,1,9,99
claude_129,9,28,75.77
claude_139,1,12,99
claude_139,0,20,
claude_139,4,12,
claude_139,9,17,95.42
claude_139,3,11,
claude_140,0,15,97.84
claude_140,1,11,99
claude_140,9,23,99
claude_140,4,9,99
claude_140,3,11,99
claude_141,0,14,98.65
claude_141,3,11,99
claude_141,4,11,99
claude_141,9,26,79.29
claude_141,1,12,99
claude_142,0,14,98.65
claude_142,3,15,
claude_142,4,11,99
claude_142,9,26,99
claude_142,1,12,99
claude_144,1,12,99
claude_144,3,11,99
claude_144,0,15,97.84
claude_144,9,27,99
claude_144,4,10,
claude_145,1,11,
claude_145,4,13,
claude_145,0,21,
claude_145,9,19,
claude_145,3,16,
claude_146,0,19,
claude_146,1,12,
claude_146,3,14,
claude_146,9,27,
claude_146,4,9,
claude_147,3,15,
claude_147,0,19,
claude_147,9,27,
claude_147,1,12,
claude_147,4,11,
claude_148,3,18,1
claude_148,4,14,
claude_148,0,21,
claude_148,9,30,
claude_148,1,15,
claude_149,0,21,
claude_149,1,12,
claude_149,4,25,81.12
claude_149,3,18,1
claude_149,9,29,74.09
claude_151,3,14,98.65
claude_151,9,13,
claude_151,1,13,
claude_151,0,14,
claude_151,4,10,20.23
claude_154,0,17,
claude_154,1,14,
claude_154,4,8,
claude_154,3,12,99
claude_154,9,28,
claude_160,0,16,1
claude_160,1,10,1
claude_160,4,14,
claude_160,3,10,99
claude_160,9,24,83
claude_161,1,11,1
claude_161,3,16,1
claude_161,4,14,1
claude_161,9,33,96.12
claude_161,0,19,1
claude_162,1,19,20.23
claude_162,0,19,1
claude_162,9,25,81.12
claude_162,3,13,1
claude_162,4,18,1
claude_171,0,26,
claude_171,1,21,88.66
claude_171,3,17,20.23
claude_171,4,16,96.74
claude_171,9,27,77.5
claude_175,0,24,1
claude_175,3,10,99
claude_175,1,14,20.23
claude_175,4,14,98.65
claude_175,9,23,99
claude_217,0,18,
claude_217,9,26,79.29
claude_217,3,14,
claude_217,4,10,
claude_217,1,13,99
claude_219,0,14,98.65
claude_219,1,23,20.23
claude_219,3,12,1
claude_219,9,28,98.65
claude_219,4,12,1
claude_221,3,16,
claude_221,1,9,
claude_221,0,16,1
claude_221,4,15,
claude_221,9,32,69.4
claude_222,1,18,93.93
claude_222,9,31,
claude_222,3,16,
claude_222,4,12,
claude_222,0,16,
claude_223,0,20,1
claude_223,4,11,
claude_223,3,10,99
claude_223,1,8,99
claude_223,9,20,
claude_227,1,14,20.23
claude_227,3,17,20.23
claude_227,0,25,1
claude_227,4,12,
claude_227,9,30,72.45
claude_230,3,22,20.23
claude_230,0,21,20.23
claude_230,4,14,1
claude_230,1,11,1
claude_230,9,20,1
claude_232,4,12,1
claude_232,3,14,20.23
claude_232,1,24,1
claude_232,0,21,
claude_232,9,24,20.23
claude_234,0,26,1
claude_234,3,24,99
claude_234,1,24,
claude_234,4,17,20.23
claude_234,9,32,1.56
claude_236,1,12,
claude_236,9,31,70.91
claude_236,0,25,
claude_236,4,12,
claude_236,3,15,
claude_237,4,15,
claude_237,1,16,1
claude_237,3,16,
claude_237,0,19,92.27
claude_237,9,24,
claude_239,1,19,
claude_239,3,18,99
claude_239,0,21,1
claude_239,4,15,97.84
claude_239,9,28,75.77
claude_245,4,17,
claude_245,3,16,96.74
claude_245,1,12,99
claude_245,0,29,1.05
claude_245,9,25,81.12
claude_246,1,14,
claude_246,0,21,
claude_246,3,14,
claude_246,9,21,88.66
claude_246,4,13,
claude_252,0,21,
claude_252,1,20,
claude_252,4,13,1
claude_252,3,15,99
claude_252,9,22,99
claude_253,1,16,
claude_253,3,13,
claude_253,9,25,1
claude_253,0,2,
claude_253,4,16,20.23
claude_255,4,12,99
claude_255,3,10,99
claude_255,1,10,99
claude_255,9,23,84.9
claude_255,0,15,20.23
claude_256,1,12,1
claude_256,0,17,
claude_256,3,16,1
claude_256,9,33,20.23
claude_256,4,12,
claude_259,3,10,
claude_259,4,13,
claude_259,0,17,
claude_259,1,19,92.27
claude_259,9,25,81.12
claude_260,0,9,
claude_260,3,14,
claude_260,4,11,
claude_260,9,32,
claude_260,1,11,
claude_261,1,14,1
claude_261,0,14,20.23
claude_261,3,14,20.23
claude_261,9,28,1
claude_261,4,10,
claude_262,1,10,
claude_262,3,12,1
claude_262,0,15,1
claude_262,4,14,1
claude_262,9,29,
claude_270,3,11,
claude_270,4,15,
claude_270,9,26,
claude_270,0,28,
claude_270,1,11,
claude_271,4,11,1
claude_271,1,11,
claude_271,3,12,
claude_271,0,17,
claude_271,9,23,99
claude_272,0,21,1
claude_272,4,12,
claude_272,3,15,
claude_272,1,10,
claude_272,9,30,72.45
claude_274,3,12,
claude_274,1,9,
claude_274,0,13,
claude_274,9,21,1
claude_274,4,12,99
claude_282,0,12,
claude_282,4,11,1
claude_282,1,14,98.65
claude_282,9,20,1
claude_282,3,15,
claude_284,9,22,1
claude_284,3,9,99
claude_284,1,19,
claude_284,0,13,
claude_284,4,11,1
claude_285,0,16,1
claude_285,3,9,99
claude_285,9,20,99
claude_285,4,11,1
claude_285,1,19,
claude_288,0,15,97.84
claude_288,1,14,98.65
claude_288,3,7,
claude_288,4,35,
claude_288,9,21,
claude_289,1,9,99
claude_289,3,10,
claude_289,0,14,
claude_289,4,13,
claude_289,9,20,99
claude_290,1,9,
claude_290,0,14,98.65
claude_290,4,15,97.84
claude_290,9,25,81.12
claude_290,3,10,
claude_291,0,12,
claude_291,1,18,
claude_291,3,12,
claude_291,4,13,
claude_291,9,30,
claude_292,1,8,
claude_292,0,18,93.93
claude_292,3,10,
claude_292,9,27,77.5
claude_292,4,12,
claude_293,3,14,
claude_293,0,18,93.93
claude_293,4,15,
claude_293,9,25,99
claude_293,1,10,
claude_295,4,16,20.23
claude_295,3,13,20.23
claude_295,0,13,20.23
claude_295,1,11,
claude_295,9,31,1.4
claude_298,0,17,
claude_298,1,13,20.23
claude_298,3,15,
claude_298,9,33,1.71
claude_298,4,13,
claude_302,1,10,99
claude_302,4,13,
claude_302,0,18,93.93
claude_302,3,15,20.23
claude_302,9,25,81.12
claude_303,0,13,99
claude_303,3,12,1
claude_303,1,12,20.23
claude_303,9,26,
claude_303,4,12,1
claude_304,0,18,20.23
claude_304,3,12,99
claude_304,1,10,99
claude_304,4,13,
claude_304,9,25,81.12
claude_305,1,10,99
claude_305,0,13,99
claude_305,4,13,1
claude_305,9,26,
claude_305,3,12,99
claude_307,0,22,1
claude_307,1,14,
claude_307,3,14,
claude_307,4,22,1
claude_307,9,27,77.5
claude_308,0,15,97.84
claude_308,1,13,
claude_308,3,15,97.84
claude_308,4,15,97.84
claude_308,9,18,93.93
claude_310,1,14,1
claude_310,4,13,1
claude_310,3,16,1
claude_310,0,20,1
claude_310,9,25,81.12
claude_311,0,16,
claude_311,3,11,1
claude_311,4,12,99
claude_311,9,18,1
claude_311,1,10,
claude_312,1,10,
claude_312,4,12,99
claude_312,9,25,
claude_312,3,11,1
claude_312,0,19,
claude_313,1,13,1
claude_313,0,18,
claude_313,3,16,96.74
claude_313,9,23,99
claude_313,4,12,99
claude_315,0,12,
claude_315,1,13,
claude_315,4,11,
claude_315,3,15,
claude_315,9,24,
claude_316,3,19,
claude_316,0,21,1
claude_316,4,13,
claude_316,1,10,
claude_316,9,24,
claude_318,3,13,1
claude_318,0,20,20.23
claude_318,1,13,99
claude_318,4,10,
claude_318,9,22,20.23
claude_320,3,13,
claude_320,4,10,
claude_320,9,23,
claude_320,0,11,
claude_320,1,16,
claude_321,0,12,
claude_321,3,11,
claude_321,9,28,75.77
claude_321,1,11,
claude_321,4,13,
claude_322,0,22,
claude_322,1,18,93.93
claude_322,4,21,88.66
claude_322,3,8,
claude_322,9,31,70.91
claude_323,3,16,96.74
claude_323,0,16,
claude_323,1,16,
claude_323,4,11,
claude_323,9,26,99
claude_324,1,18,93.93
claude_324,0,16,
claude_324,3,13,99
claude_324,4,14,1
claude_324,9,26,99
claude_325,3,13,
claude_325,1,18,93.93
claude_325,4,10,
claude_325,9,21,
claude_325,0,16,
claude_326,0,16,
claude_326,1,35,65.27
claude_326,3,13,99
claude_326,4,21,88.66
claude_326,9,21,
claude_327,0,19,
claude_327,1,14,1
claude_327,4,16,
claude_327,3,15,
claude_327,9,30,72.45
claude_329,3,17,
claude_329,1,9,
claude_329,0,20,1
claude_329,4,14,98.65
claude_329,9,27,
claude_332,3,11,1
claude_332,0,20,1
claude_332,4,13,
claude_332,1,12,
claude_332,9,25,
claude_334,3,20,1
claude_334,4,46,1
claude_334,9,27,77.5
claude_334,0,19,92.27
claude_334,1,11,
claude_338,0,15,
claude_338,3,19,1
claude_338,4,12,
claude_338,1,14,20.23
claude_338,9,23,84.9
claude_339,0,13,
claude_339,3,14,
claude_339,1,10,
claude_339,4,16,
claude_339,9,28,20.23
claude_340,4,14,
claude_340,1,24,
claude_340,3,15,97.84
claude_340,0,13,
claude_340,9,27,
claude_341,4,14,
claude_341,0,15,
claude_341,3,14,
claude_341,1,10,
claude_341,9,28,20.23
claude_342,0,11,
claude_342,9,25,99
claude_342,3,12,99
claude_342,1,18,93.93
claude_342,4,10,
claude_343,0,14,
claude_343,3,16,96.74
claude_343,1,8,99
claude_343,4,8,
claude_343,9,26,1
claude_344,0,24,
claude_344,4,8,1
claude_344,3,16,96.74
claude_344,9,29,
claude_344,1,14,
claude_345,4,8,
claude_345,3,16,96.74
claude_345,0,14,
claude_345,9,29,
claude_345,1,8,99
claude_349,4,48,1
claude_349,9,23,20.23
claude_349,0,21,1
claude_349,3,15,
claude_349,1,9,99
claude_350,0,19,1
claude_350,3,15,
claude_350,1,12,99
claude_350,9,26,20.23
claude_350,4,10,20.23
claude_351,3,14,98.65
claude_351,4,14,
claude_351,1,11,99
claude_351,9,29,74.09
claude_351,0,16,1
claude_352,0,16,1
claude_352,3,14,98.65
claude_352,4,13,
claude_352,1,11,99
claude_352,9,30,72.45
claude_353,0,16,1
claude_353,1,10,20.23
claude_353,3,14,98.65
claude_353,4,13,
claude_353,9,26,79.29
claude_354,3,14,98.65
claude_354,0,16,1
claude_354,9,26,79.29
claude_354,4,14,1
claude_354,1,11,99
claude_356,3,12,
claude_356,0,19,
claude_356,1,12,
claude_356,4,12,
claude_356,9,29,
claude_357,0,17,95.42
claude_357,4,13,
claude_357,1,19,92.27
claude_357,3,12,
claude_357,9,29,
claude_362,4,11,
claude_362,1,9,
claude_362,0,17,1
claude_362,3,13,
claude_362,9,25,1
claude_363,0,16,1
claude_363,3,15,97.84
claude_363,9,23,1
claude_363,1,13,99
claude_363,4,13,99
claude_364,0,16,1
claude_364,3,13,
claude_364,1,14,
claude_364,4,13,99
claude_364,9,26,
claude_365,4,10,
claude_365,0,22,
claude_365,9,29,74.09
claude_365,3,11,
claude_365,1,10,99
claude_367,3,12,99
claude_367,1,27,1
claude_367,9,29,
claude_367,4,13,
claude_367,0,23,
claude_369,1,9,99
claude_369,0,20,
claude_369,3,11,
claude_369,9,28,75.77
claude_369,4,11,1
claude_374,0,21,
claude_374,3,17,1
claude_374,4,15,1
claude_374,9,27,77.5
claude_374,1,13,20.23
claude_378,3,12,
claude_378,4,11,
claude_378,1,11,
claude_378,9,21,
claude_378,0,18,
claude_379,3,12,
claude_379,0,20,1
claude_379,4,11,
claude_379,9,21,
claude_379,1,11,
claude_382,4,13,
claude_382,3,13,
claude_382,0,16,
claude_382,1,14,
claude_382,9,28,75.77
claude_383,4,10,
claude_383,1,14,
claude_383,3,12,
claude_383,0,17,99
claude_383,9,25,99
claude_384,3,11,20.23
claude_384,0,12,
claude_384,1,13,99
claude_384,4,12,
claude_384,9,25,81.12
claude_390,0,22,86.79
claude_390,1,17,1
claude_390,4,33,96.12
claude_390,9,24,
claude_390,3,20,90.5
claude_398,0,19,1
claude_398,1,10,99
claude_398,4,13,
claude_398,3,13,99
claude_398,9,27,1
claude_399,1,14,20.23
claude_399,3,16,99
claude_399,4,16,20.23
claude_399,0,15,1
claude_399,9,26,79.29
claude_402,1,20,99
claude_402,0,19,92.27
claude_402,3,15,97.84
claude_402,4,12,99
claude_402,9,33,20.23
claude_403,0,18,
claude_403,1,12,
claude_403,4,11,
claude_403,9,23,84.9
claude_403,3,11,1
claude_405,1,11,1
claude_405,0,26,1
claude_405,9,28,
claude_405,4,11,99
claude_405,3,13,99
claude_408,0,17,95.42
claude_408,3,12,
claude_408,1,11,20.23
claude_408,4,13,99
claude_408,9,22,86.79
claude_409,0,26,20.23
claude_409,4,14,1
claude_409,1,8,1
claude_409,3,13,20.23
claude_409,9,35,20.23
claude_410,0,13,
claude_410,1,16,
claude_410,3,10,
claude_410,4,10,1
claude_410,9,19,1
claude_414,4,9,
claude_414,1,10,1
claude_414,3,14,98.65
claude_414,0,20,
claude_414,9,25,81.12
claude_415,3,14,1
claude_415,0,31,20.23
claude_415,1,13,20.23
claude_415,9,40,90.5
claude_415,4,19,99
claude_424,3,11,
claude_424,4,16,1
claude_424,1,30,
claude_424,0,17,
claude_424,9,32,69.4
claude_430,0,24,
claude_430,3,16,
claude_430,4,14,98.65
claude_430,9,17,
claude_430,1,12,
claude_431,3,15,1
claude_431,0,17,1
claude_431,4,13,
claude_431,1,22,99
claude_431,9,24,20.23
claude_433,0,17,1
claude_433,1,11,
claude_433,4,14,
claude_433,3,13,
claude_433,9,23,
claude_434,0,16,96.74
claude_434,1,13,99
claude_434,4,12,
claude_434,9,28,
claude_434,3,14,
claude_435,0,17,20.23
claude_435,1,8,1
claude_435,3,21,99
claude_435,4,13,
claude_435,9,27,
claude_436,1,10,
claude_436,3,11,
claude_436,0,17,20.23
claude_436,4,16,96.74
claude_436,9,25,
claude_437,1,8,1
claude_437,0,17,20.23
claude_437,4,16,96.74
claude_437,9,25,
claude_437,3,11,
claude_438,0,16,
claude_438,4,16,96.74
claude_438,3,21,99
claude_438,9,27,
claude_438,1,10,
claude_439,0,17,20.23
claude_439,1,8,1
claude_439,9,25,
claude_439,4,16,96.74
claude_439,3,11,
claude_440,3,21,99
claude_440,0,17,20.23
claude_440,1,8,1
claude_440,9,25,
claude_440,4,13,
claude_448,1,14,
claude_448,4,15,1
claude_448,3,10,
claude_448,9,28,20.23
claude_448,0,19,1
claude_461,3,11,
claude_461,1,23,
claude_461,4,11,
claude_461,0,15,20.23
claude_461,9,28,
claude_483,1,17,
claude_483,0,25,
claude_483,3,19,1
claude_483,9,30,1.23
claude_483,4,12,
claude_498,0,8,
claude_498,1,15,1
claude_498,9,22,
claude_498,4,10,
claude_498,3,12,
claude_505,0,20,20.23
claude_505,1,12,99
claude_505,3,20,
claude_505,4,14,1
claude_505,9,44,3.56
claude_506,0,22,86.79
claude_506,1,16,
claude_506,3,18,
claude_506,9,28,75.77
claude_506,4,15,1
claude_511,0,23,1
claude_511,1,14,
claude_511,9,32,1.56
claude_511,3,17,
claude_511,4,18,
claude_513,0,24,1
claude_513,1,15,99
claude_513,3,17,95.42
claude_513,4,14,98.65
claude_513,9,28,75.77
claude_514,1,19,20.23
claude_514,0,21,88.66
claude_514,4,15,1
claude_514,3,22,86.79
claude_514,9,31,
claude_521,1,12,
claude_521,4,14,98.65
claude_521,3,18,
claude_521,0,19,92.27
claude_521,9,29,
claude_522,3,18,
claude_522,0,19,92.27
claude_522,4,14,98.65
claude_522,1,12,
claude_522,9,23,99
claude_527,0,22,
claude_527,1,25,1
claude_527,4,13,99
claude_527,3,15,20.23
claude_527,9,29,20.23
claude_529,0,25,
claude_529,3,15,
claude_529,4,17,95.42
claude_529,9,28,
claude_529,1,12,
claude_534,3,17,
claude_534,1,22,86.79
claude_534,0,29,74.09
claude_534,4,13,
claude_534,9,31,70.91
claude_535,1,12,99
claude_535,0,16,20.23
claude_535,4,15,97.84
claude_535,3,13,99
claude_535,9,25,99
claude_536,3,11,
claude_536,1,17,
claude_536,9,29,74.09
claude_536,0,21,99
claude_536,4,15,97.84
claude_539,0,22,1
claude_539,1,14,1
claude_539,4,20,1
claude_539,3,17,20.23
claude_539,9,24,83
claude_543,3,15,20.23
claude_543,1,10,
claude_543,9,26,
claude_543,4,12,1
claude_543,0,22,1
claude_545,3,19,92.27
claude_545,4,16,1
claude_545,9,29,1.05
claude_545,1,17,20.23
claude_545,0,20,99
claude_546,0,25,81.12
claude_546,4,15,97.84
claude_546,1,12,
claude_546,3,14,20.23
claude_546,9,27,99
claude_550,0,24,1
claude_550,1,14,1
claude_550,3,15,
claude_550,4,14,
claude_550,9,28,1
claude_551,0,20,
claude_551,1,14,
claude_551,9,30,72.45
claude_551,3,17,
claude_551,4,12,
claude_559,0,15,97.84
claude_559,3,12,99
claude_559,1,15,99
claude_559,4,11,99
claude_559,9,29,99
claude_582,0,16,
claude_582,4,9,1
claude_582,1,14,
claude_582,3,13,
claude_582,9,27,
claude_585,4,10,
claude_585,9,23,84.9
claude_585,1,14,98.65
claude_585,3,14,1
claude_585,0,22,20.23
claude_595,0,17,95.42
claude_595,4,15,
claude_595,3,15,
claude_595,1,14,
claude_595,9,26,1
claude_596,0,15,
claude_596,4,15,
claude_596,1,13,
claude_596,9,29,74.09
claude_596,3,15,
claude_609,4,15,
claude_609,1,24,1
claude_609,3,15,
claude_609,9,27,
claude_609,0,16,
claude_612,4,11,
claude_612,0,22,
claude_612,3,15,
claude_612,1,18,93.93
claude_612,9,25,
claude_613,1,14,98.65
claude_613,0,23,84.9
claude_613,3,20,
claude_613,9,21,99
claude_613,4,15,1
claude_614,1,23,1
claude_614,4,15,1
claude_614,3,21,
claude_614,0,24,1
claude_614,9,22,86.79
claude_617,4,14,1
claude_617,0,27,1
claude_617,1,13,1
claude_617,9,36,1
claude_617,3,19,1
claude_627,0,19,1
claude_627,1,20,1
claude_627,4,12,
claude_627,3,16,1
claude_627,9,31,1
claude_629,0,15,
claude_629,1,22,86.79
claude_629,3,12,1
claude_629,9,26,
claude_629,4,13,
claude_636,3,15,
claude_636,0,26,79.29
claude_636,4,15,
claude_636,9,31,70.91
claude_636,1,16,
claude_637,0,22,
claude_637,4,15,
claude_637,9,30,
claude_637,3,19,
claude_637,1,12,
claude_638,1,12,
claude_638,3,13,
claude_638,0,25,81.12
claude_638,4,14,
claude_638,9,32,69.4
claude_639,0,14,
claude_639,3,16,
claude_639,1,12,
claude_639,4,14,
claude_639,9,30,72.45
claude_640,0,16,1
claude_640,1,15,
claude_640,3,16,
claude_640,9,32,69.4
claude_640,4,11,
claude_641,0,22,86.79
claude_641,3,16,
claude_641,1,14,20.23
claude_641,9,31,20.23
claude_641,4,14,
claude_642,0,22,86.79
claude_642,1,14,20.23
claude_642,3,16,
claude_642,4,14,
claude_642,9,31,20.23
claude_647,0,15,1
claude_647,1,9,
claude_647,3,11,99
claude_647,9,35,65.27
claude_647,4,12,
claude_653,1,21,1
claude_653,0,21,1
claude_653,9,23,
claude_653,3,14,
claude_653,4,12,
claude_654,0,19,
claude_654,3,20,90.5
claude_654,4,15,1
claude_654,9,36,20.23
claude_654,1,20,1
claude_656,3,13,
claude_656,0,22,
claude_656,1,12,
claude_656,4,12,
claude_656,9,29,
claude_665,0,24,
claude_665,9,28,
claude_665,4,16,1
claude_665,1,10,
claude_665,3,17,
claude_696,0,18,99
claude_696,1,9,
claude_696,4,10,
claude_696,3,10,
claude_696,9,27,77.5
claude_700,4,11,
claude_700,1,10,
claude_700,0,15,
claude_700,3,12,
claude_700,9,18,1
claude_707,4,14,1
claude_707,1,10,
claude_707,0,15,1
claude_707,3,15,1
claude_707,9,26,1
claude_708,0,17,1
claude_708,1,10,
claude_708,3,16,1
claude_708,4,13,1
claude_708,9,18,20.23
claude_709,0,17,1
claude_709,1,10,
claude_709,3,16,1
claude_709,4,14,1
claude_709,9,29,1.05
claude_710,3,20,1
claude_710,0,16,1
claude_710,1,12,
claude_710,4,15,
claude_710,9,30,20.23
claude_712,0,22,1
claude_712,1,15,1
claude_712,4,14,1
claude_712,9,21,88.66
claude_712,3,13,1
claude_713,0,16,1
claude_713,1,10,1
claude_713,3,14,1
claude_713,4,13,20.23
claude_713,9,26,20.23
claude_716,0,16,1
claude_716,1,14,1
claude_716,3,13,1
claude_716,9,29,74.09
claude_716,4,16,1
claude_718,0,23,1
claude_718,4,13,99
claude_718,9,32,
claude_718,1,12,99
claude_718,3,14,
claude_723,4,9,
claude_723,0,14,1
claude_723,3,16,20.23
claude_723,1,14,
claude_723,9,25,81.12
claude_727,1,13,99
claude_727,0,12,
claude_727,3,18,93.93
claude_727,4,12,
claude_727,9,24,
claude_728,0,16,1
claude_728,4,12,
claude_728,3,11,1
claude_728,1,19,1
claude_728,9,23,1
claude_729,1,14,
claude_729,0,18,1
claude_729,3,10,20.23
claude_729,4,9,
claude_729,9,26,1
claude_730,0,18,
claude_730,3,16,1
claude_730,1,16,
claude_730,4,9,
claude_730,9,27,20.23
claude_731,3,13,99
claude_731,0,25,1
claude_731,4,10,
claude_731,1,12,
claude_731,9,22,
claude_732,0,14,98.65
claude_732,3,10,20.23
claude_732,4,11,
claude_732,9,24,20.23
claude_732,1,9,20.23
claude_733,4,13,1
claude_733,1,15,1
claude_733,0,21,20.23
claude_733,9,27,77.5
claude_733,3,13,1
claude_734,3,11,99
claude_734,0,19,1
claude_734,1,15,1
claude_734,9,27,20.23
claude_734,4,13,1
claude_738,0,24,1
claude_738,1,11,99
claude_738,9,31,1.4
claude_738,4,14,1
claude_738,3,13,1
claude_739,1,11,1
claude_739,0,22,
claude_739,4,12,99
claude_739,9,26,99
claude_739,3,13,
claude_740,1,24,99
claude_740,4,11,
claude_740,9,26,99
claude_740,0,16,96.74
claude_740,3,13,99
claude_741,1,8,99
claude_741,0,25,1
claude_741,3,13,1
claude_741,4,11,99
claude_741,9,20,90.5
claude_742,1,14,98.65
claude_742,3,13,
claude_742,4,14,98.65
claude_742,0,25,20.23
claude_742,9,27,77.5
claude_749,4,16,20.23
claude_749,1,16,1
claude_749,9,32,1.56
claude_749,3,19,1
claude_749,0,19,1
claude_752,4,14,98.65
claude_752,3,13,
claude_752,0,19,92.27
claude_752,1,9,99
claude_752,9,30,72.45
claude_753,1,9,99
claude_753,4,14,98.65
claude_753,0,19,
claude_753,3,13,
claude_753,9,30,72.45
claude_754,0,19,
claude_754,9,28,
claude_754,4,11,
claude_754,1,13,
claude_754,3,13,
claude_755,3,17,
claude_755,4,13,99
claude_755,0,17,
claude_755,1,19,1
claude_755,9,30,
claude_757,0,16,
claude_757,4,11,
claude_757,3,14,98.65
claude_757,9,25,
claude_757,1,9,99
claude_758,4,11,
claude_758,1,9,99
claude_758,3,10,
claude_758,9,25,
claude_758,0,18,
claude_759,3,10,
claude_759,4,11,
claude_759,0,15,
claude_759,9,27,
claude_759,1,9,99
claude_760,0,16,
claude_760,3,10,
claude_760,1,9,99
claude_760,9,28,
claude_760,4,11,
claude_761,0,16,20.23
claude_761,9,26,
claude_761,4,12,1
claude_761,3,15,97.84
claude_761,1,13,
claude_762,0,12,1
claude_762,4,15,1
claude_762,9,27,1
claude_762,1,14,
claude_762,3,16,
claude_766,1,21,20.23
claude_766,0,16,
claude_766,4,15,
claude_766,9,31,
claude_766,3,16,
claude_767,0,16,1
claude_767,3,11,
claude_767,4,9,
claude_767,9,25,
claude_767,1,14,
claude_769,0,13,1
claude_769,1,19,92.27
claude_769,3,11,
claude_769,4,10,
claude_769,9,21,
claude_774,1,15,1
claude_774,4,13,
claude_774,3,13,
claude_774,0,18,
claude_774,9,26,
claude_775,1,10,
claude_775,0,17,
claude_775,3,13,
claude_775,4,13,
claude_775,9,26,
claude_776,0,19,
claude_776,3,14,
claude_776,1,16,
claude_776,9,25,
claude_776,4,14,1
claude_777,1,18,
claude_777,4,13,
claude_777,3,14,
claude_777,9,30,
claude_777,0,12,
claude_783,1,15,
claude_783,0,20,1
claude_783,4,17,
claude_783,3,11,
claude_783,9,27,
claude_795,1,23,99
claude_795,0,13,
claude_795,3,19,
claude_795,4,14,98.65
claude_795,9,29,74.09
claude_796,0,20,90.5
claude_796,1,13,
claude_796,3,16,
claude_796,4,17,95.42
claude_796,9,25,
claude_797,3,18,99
claude_797,0,17,1
claude_797,1,19,92.27
claude_797,4,14,99
claude_797,9,28,98.65
claude_798,1,10,
claude_798,3,14,
claude_798,4,11,
claude_798,9,32,
claude_798,0,19,92.27
claude_800,3,6,
claude_800,0,19,1
claude_800,9,27,77.5
claude_800,4,13,
claude_800,1,6,
claude_803,0,17,99
claude_803,1,12,99
claude_803,3,14,99
claude_803,9,29,99
claude_803,4,14,98.65
claude_804,9,29,99
claude_804,0,17,99
claude_804,1,12,99
claude_804,4,14,98.65
claude_804,3,12,1
claude_808,4,13,99
claude_808,1,20,90.5
claude_808,0,20,99
claude_808,3,2,
claude_808,9,21,1
claude_809,1,20,90.5
claude_809,4,13,99
claude_809,9,30,97.84
claude_809,3,14,99
claude_809,0,18,93.93
claude_830,0,17,20.23
claude_830,4,11,20.23
claude_830,3,12,
claude_830,1,12,1
claude_830,9,30,1
claude_841,0,22,20.23
claude_841,1,13,
claude_841,4,12,1
claude_841,3,16,20.23
claude_841,9,27,77.5
claude_842,0,23,
claude_842,1,11,
claude_842,3,22,1
claude_842,9,25,
claude_842,4,14,1
claude_843,3,15,
claude_843,4,14,98.65
claude_843,9,20,1
claude_843,0,16,1
claude_843,1,12,
claude_852,3,13,99
claude_852,1,17,
claude_852,0,14,98.65
claude_852,9,27,20.23
claude_852,4,13,99
claude_853,1,19,1
claude_853,3,18,1
claude_853,0,18,
claude_853,9,26,1
claude_853,4,14,1
claude_866,3,14,98.65
claude_866,1,13,99
claude_866,9,10,
claude_866,4,11,
claude_866,0,19,1
claude_867,0,20,1
claude_867,3,16,20.23
claude_867,9,33,67.94
claude_867,1,10,
claude_867,4,10,
claude_868,3,12,99
claude_868,1,15,99
claude_868,4,12,99
claude_868,9,29,98.26
claude_868,0,22,99
claude_869,0,17,99
claude_869,1,10,20.23
claude_869,3,16,96.74
claude_869,4,12,99
claude_869,9,29,98.26
claude_873,3,14,98.65
claude_873,4,19,1
claude_873,1,25,99
claude_873,0,18,1
claude_873,9,31,
claude_874,0,18,1
claude_874,1,11,1
claude_874,3,13,99
claude_874,9,18,1
claude_874,4,10,
claude_880,0,21,1
claude_880,3,14,
claude_880,1,12,20.23
claude_880,4,12,
claude_880,9,30,1.23
claude_881,0,21,1
claude_881,3,12,
claude_881,1,18,93.93
claude_881,4,11,
claude_881,9,29,20.23
claude_884,3,15,99
claude_884,0,18,1
claude_884,9,27,
claude_884,1,18,99
claude_884,4,15,99
claude_885,3,15,
claude_885,0,22,1
claude_885,9,30,
claude_885,1,13,1
claude_885,4,10,
claude_886,1,9,
claude_886,3,12,
claude_886,4,10,
claude_886,9,36,
claude_886,0,17,1
claude_887,3,10,
claude_887,9,28,75.77
claude_887,4,12,1
claude_887,0,18,
claude_887,1,10,
claude_888,0,18,
claude_888,3,11,
claude_888,1,10,
claude_888,4,12,1
claude_888,9,27,1
claude_889,0,17,
claude_889,3,9,99
claude_889,1,10,
claude_889,9,23,
claude_889,4,11,
claude_890,0,16,20.23
claude_890,4,12,99
claude_890,9,29,74.09
claude_890,3,9,
claude_890,1,9,
claude_891,0,16,96.74
claude_891,3,15,
claude_891,1,11,1
claude_891,4,12,20.23
claude_891,9,23,1
claude_892,0,8,
claude_892,1,13,99
claude_892,4,13,99
claude_892,3,14,98.65
claude_892,9,23,
claude_893,0,18,
claude_893,4,18,20.23
claude_893,3,14,98.65
claude_893,1,13,20.23
claude_893,9,23,
claude_894,1,10,
claude_894,3,16,
claude_894,0,17,1
claude_894,9,32,69.4
claude_894,4,12,1
claude_895,0,18,
claude_895,3,19,
claude_895,4,13,
claude_895,1,9,99
claude_895,9,30,1.23
claude_901,0,26,1
claude_901,1,13,
claude_901,3,12,99
claude_901,9,31,
claude_901,4,14,
claude_902,0,22,1
claude_902,3,14,
claude_902,1,12,99
claude_902,9,27,
claude_902,4,15,97.84
claude_903,4,13,
claude_903,1,10,
claude_903,9,29,
claude_903,0,15,
claude_903,3,15,
claude_907,0,22,
claude_907,3,15,
claude_907,1,14,
claude_907,4,12,
claude_907,9,32,69.4
claude_908,1,14,1
claude_908,4,12,
claude_908,9,30,97.84
claude_908,0,14,
claude_908,3,12,
claude_911,0,14,
claude_911,1,12,99
claude_911,3,8,
claude_911,9,29,1.05
claude_911,4,11,
claude_912,0,16,96.74
claude_912,1,13,
claude_912,4,9,99
claude_912,3,9,99
claude_912,9,31,70.91
claude_917,4,14,
claude_917,0,16,
claude_917,9,24,1
claude_917,1,21,1
claude_917,3,12,
claude_918,0,14,
claude_918,4,10,
claude_918,1,11,99
claude_918,3,16,96.74
claude_918,9,32,96.74
claude_919,0,21,1
claude_919,3,16,
claude_919,1,15,
claude_919,9,27,
claude_919,4,9,
claude_920,0,13,
claude_920,1,16,
claude_920,4,17,1
claude_920,3,21,1
claude_920,9,29,20.23
claude_921,1,9,
claude_921,3,14,98.65
claude_921,4,9,
claude_921,9,31,70.91
claude_921,0,16,
claude_922,1,23,84.9
claude_922,3,12,99
claude_922,4,11,99
claude_922,0,23,1
claude_922,9,26,79.29
claude_923,0,17,
claude_923,3,12,
claude_923,1,14,98.65
claude_923,4,11,
claude_923,9,27,
claude_924,3,10,
claude_924,1,8,
claude_924,9,24,83
claude_924,4,13,
claude_924,0,17,
claude_925,9,30,
claude_925,4,11,
claude_925,0,20,1
claude_925,1,14,
claude_925,3,16,
claude_926,1,15,
claude_926,0,19,
claude_926,3,11,
claude_926,9,20,99
claude_926,4,13,
claude_928,1,14,1
claude_928,3,13,1
claude_928,9,26,1
claude_928,4,16,
claude_928,0,19,
claude_929,0,20,
claude_929,4,17,1
claude_929,3,16,1
claude_929,9,30,72.45
claude_929,1,16,1
claude_930,0,20,
claude_930,1,16,1
claude_930,3,20,1
claude_930,4,16,
claude_930,9,30,72.45
claude_932,4,7,
claude_932,9,17,1
claude_932,3,11,
claude_932,1,10,
claude_932,0,12,
claude_933,0,19,1
claude_933,3,13,
claude_933,4,10,1
claude_933,9,27,1
claude_933,1,8,
claude_935,0,15,1
claude_935,3,13,
claude_935,1,8,
claude_935,9,27,99
claude_935,4,7,
claude_957,0,24,1
claude_957,3,16,1
claude_957,4,15,1
claude_957,1,14,1
claude_957,9,22,1
claude_958,0,18,
claude_958,3,15,1
claude_958,1,11,1
claude_958,4,15,1
claude_958,9,22,1
claude_962,1,12,99
claude_962,3,12,1
claude_962,0,13,
claude_962,4,10,
claude_962,9,24,1
claude_963,0,18,
claude_963,3,15,
claude_963,4,15,1
claude_963,1,13,
claude_963,9,28,
claude_965,0,24,
claude_965,3,18,
claude_965,1,12,
claude_965,4,17,95.42
claude_965,9,26,79.29
claude_974,0,21,20.23
claude_974,4,13,
claude_974,1,14,99
claude_974,3,13,
claude_974,9,25,99
claude_975,0,17,1
claude_975,1,12,
claude_975,3,19,1
claude_975,4,16,
claude_975,9,28,
claude_976,1,17,
claude_976,3,15,
claude_976,4,16,
claude_976,0,17,1
claude_976,9,28,
claude_977,0,14,98.65
claude_977,3,12,99
claude_977,1,12,99
claude_977,4,11,
claude_977,9,31,70.91
claude_978,3,13,99
claude_978,1,9,99
claude_978,0,14,98.65
claude_978,4,10,
claude_978,9,24,83
claude_979,0,11,
claude_979,1,12,99
claude_979,3,14,
claude_979,4,13,
claude_979,9,30,97.84
claude_985,1,14,
claude_985,3,11,
claude_985,4,10,1
claude_985,0,19,
claude_985,9,26,79.29
claude_987,4,12,
claude_987,3,13,
claude_987,0,14,
claude_987,9,27,1
claude_987,1,14,
claude_991,0,14,98.65
claude_991,3,10,
claude_991,1,10,
claude_991,4,11,
claude_991,9,23,99
claude_1001,1,10,1
claude_1001,4,18,
claude_1001,0,16,
claude_1001,3,16,
claude_1001,9,30,20.23
claude_1002,0,16,96.74
claude_1002,1,13,1
claude_1002,4,10,
claude_1002,9,25,1
claude_1002,3,11,1
claude_1005,0,20,1
claude_1005,4,17,1
claude_1005,1,13,
claude_1005,3,12,99
claude_1005,9,21,1
claude_1024,0,25,1
claude_1024,3,14,98.65
claude_1024,1,17,95.42
claude_1024,9,24,83
claude_1024,4,13,99
claude_1027,0,27,20.23
claude_1027,3,24,83
claude_1027,1,15,
claude_1027,4,8,
claude_1027,9,23,
claude_1029,1,15,1
claude_1029,3,13,1
claude_1029,4,12,1
claude_1029,0,14,
claude_1029,9,28,
claude_1030,3,18,
claude_1030,1,11,1
claude_1030,0,14,
claude_1030,4,12,1
claude_1030,9,30,
claude_1042,0,9,
claude_1042,1,20,99
claude_1042,3,7,
claude_1042,4,9,
claude_1042,9,26,
claude_1052,0,14,
claude_1052,3,15,1
claude_1052,1,17,
claude_1052,4,13,
claude_1052,9,28,1
claude_1070,3,12,
claude_1070,1,17,
claude_1070,9,21,
claude_1070,0,17,95.42
claude_1070,4,14,98.65
claude_1072,1,12,20.23
claude_1072,0,22,
claude_1072,4,11,99
claude_1072,9,26,99
claude_1072,3,11,
claude_1077,3,20,
claude_1077,4,13,20.23
claude_1077,1,12,20.23
claude_1077,9,29,74.09
claude_1077,0,22,20.23
claude_1079,1,12,99
claude_1079,3,12,
claude_1079,4,10,
claude_1079,9,32,69.4
claude_1079,0,17,95.42
claude_1080,1,20,99
claude_1080,0,14,98.65
claude_1080,4,10,
claude_1080,3,11,99
claude_1080,9,28,75.77
claude_1082,1,18,1
claude_1082,0,17,95.42
claude_1082,9,25,20.23
claude_1082,3,17,
claude_1082,4,12,1
claude_1083,1,18,1
claude_1083,3,19,92.27
claude_1083,9,26,20.23
claude_1083,0,16,1
claude_1083,4,12,1
claude_1084,0,16,1
claude_1084,9,25,20.23
claude_1084,3,19,92.27
claude_1084,4,12,1
claude_1084,1,18,1
claude_1086,3,16,
claude_1086,0,16,
claude_1086,9,26,79.29
claude_1086,4,12,99
claude_1086,1,15,97.84
claude_1088,3,18,93.93
claude_1088,0,21,
claude_1088,4,12,99
claude_1088,1,13,99
claude_1088,9,29,74.09
claude_1089,1,13,99
claude_1089,0,21,
claude_1089,4,12,
claude_1089,3,16,
claude_1089,9,26,20.23
claude_1090,3,18,93.93
claude_1090,1,15,97.84
claude_1090,9,31,20.23
claude_1090,4,15,
claude_1090,0,21,
claude_1091,1,13,99
claude_1091,0,20,
claude_1091,4,15,
claude_1091,3,18,93.93
claude_1091,9,26,20.23
claude_1092,0,20,1
claude_1092,3,16,96.74
claude_1092,4,10,
claude_1092,9,29,1.05
claude_1092,1,11,
claude_1093,0,21,
claude_1093,3,13,
claude_1093,1,13,
claude_1093,9,28,75.77
claude_1093,4,14,
claude_1094,1,11,20.23
claude_1094,0,19,92.27
claude_1094,4,14,1
claude_1094,3,15,
claude_1094,9,30,
claude_1095,0,23,1
claude_1095,3,18,
claude_1095,4,12,99
claude_1095,9,30,72.45
claude_1095,1,11,
claude_1099,3,10,99
claude_1099,0,16,1
claude_1099,1,10,1
claude_1099,9,27,
claude_1099,4,12,99
claude_1100,0,13,
claude_1100,4,13,1
claude_1100,1,13,99
claude_1100,9,18,
claude_1100,3,14,
claude_1102,1,14,98.65
claude_1102,0,20,
claude_1102,4,14,1
claude_1102,3,14,98.65
claude_1102,9,30,
claude_1103,0,20,
claude_1103,1,14,98.65
claude_1103,4,13,99
claude_1103,9,28,
claude_1103,3,15,1
claude_1107,3,11,99
claude_1107,1,12,
claude_1107,0,15,
claude_1107,4,12,
claude_1107,9,28,
claude_1108,0,17,95.42
claude_1108,3,14,
claude_1108,4,11,
claude_1108,1,16,
claude_1108,9,26,
claude_1113,3,15,1
claude_1113,4,15,
claude_1113,0,23,20.23
claude_1113,1,13,99
claude_1113,9,28,1
claude_1114,3,13,99
claude_1114,1,13,99
claude_1114,4,14,98.65
claude_1114,9,28,75.77
claude_1114,0,15,97.84
claude_1115,4,14,
claude_1115,3,14,
claude_1115,9,30,20.23
claude_1115,1,21,1
claude_1115,0,15,
claude_1116,0,17,
claude_1116,1,10,99
claude_1116,4,21,88.66
claude_1116,9,26,
claude_1116,3,11,
claude_1117,3,16,
claude_1117,0,19,1
claude_1117,1,19,1
claude_1117,9,30,72.45
claude_1117,4,17,1
claude_1118,3,16,
claude_1118,4,15,
claude_1118,0,14,
claude_1118,1,13,
claude_1118,9,29,
claude_1119,0,22,
claude_1119,1,9,
claude_1119,4,14,98.65
claude_1119,3,16,
claude_1119,9,34,1.85
claude_1121,3,17,95.42
claude_1121,1,20,
claude_1121,4,14,
claude_1121,0,13,
claude_1121,9,23,84.9
claude_1127,0,25,1
claude_1127,1,14,
claude_1127,3,12,
claude_1127,4,11,1
claude_1127,9,26,
claude_1139,0,17,95.42
claude_1139,9,24,83
claude_1139,3,13,99
claude_1139,4,13,1
claude_1139,1,18,93.93
claude_1145,1,14,
claude_1145,9,29,74.09
claude_1145,3,19,
claude_1145,4,13,
claude_1145,0,19,1
claude_1148,1,21,
claude_1148,9,26,79.29
claude_1148,4,10,
claude_1148,3,14,
claude_1148,0,20,1
claude_1162,4,13,
claude_1162,1,14,
claude_1162,3,14,
claude_1162,0,25,
claude_1162,9,30,
claude_1165,0,23,1
claude_1165,4,14,
claude_1165,1,12,
claude_1165,3,14,
claude_1165,9,27,
claude_1168,0,26,1
claude_1168,1,11,99
claude_1168,3,13,
claude_1168,9,30,
claude_1168,4,10,
claude_1171,3,17,
claude_1171,4,17,1
claude_1171,9,25,1
claude_1171,1,15,
claude_1171,0,16,1
claude_1177,3,13,
claude_1177,4,19,
claude_1177,0,17,
claude_1177,1,10,
claude_1177,9,22,
claude_1178,0,17,
claude_1178,1,10,
claude_1178,3,15,
claude_1178,9,33,20.23
claude_1178,4,19,
claude_1179,3,15,
claude_1179,0,14,
claude_1179,4,18,
claude_1179,9,27,
claude_1179,1,10,
claude_1183,3,13,
claude_1183,0,23,1
claude_1183,1,23,84.9
claude_1183,9,27,77.5
claude_1183,4,11,
claude_1186,0,19,
claude_1186,1,12,
claude_1186,3,11,20.23
claude_1186,4,13,
claude_1186,9,31,
claude_1190,3,16,
claude_1190,0,21,
claude_1190,4,14,
claude_1190,1,13,
claude_1190,9,26,1
claude_1196,0,13,
claude_1196,1,13,
claude_1196,3,10,1
claude_1196,9,26,1
claude_1196,4,14,98.65
claude_1198,3,17,
claude_1198,4,13,
claude_1198,1,17,
claude_1198,0,14,1
claude_1198,9,24,
claude_1205,4,14,
claude_1205,1,12,99
claude_1205,9,24,83
claude_1205,3,14,98.65
claude_1205,0,19,92.27
claude_1206,3,17,1
claude_1206,1,20,1
claude_1206,4,14,1
claude_1206,0,14,
claude_1206,9,27,99
claude_1236,1,12,99
claude_1236,0,20,90.5
claude_1236,3,11,1
claude_1236,4,12,1
claude_1236,9,29,20.23
claude_1238,3,12,99
claude_1238,0,21,88.66
claude_1238,9,26,
claude_1238,4,11,
claude_1238,1,20,90.5
claude_1263,3,15,
claude_1263,0,13,
claude_1263,1,13,
claude_1263,4,14,
claude_1263,9,32,
claude_1272,4,13,
claude_1272,0,17,1
claude_1272,1,11,
claude_1272,3,15,
claude_1272,9,29,74.09
claude_1274,0,16,
claude_1274,3,12,
claude_1274,1,13,1
claude_1274,9,22,
claude_1274,4,11,
claude_1278,3,21,99
claude_1278,0,21,20.23
claude_1278,1,11,
claude_1278,4,11,
claude_1278,9,18,
claude_1305,3,14,98.65
claude_1305,1,17,95.42
claude_1305,4,15,97.84
claude_1305,9,31,20.23
claude_1305,0,17,1
claude_1306,0,15,99
claude_1306,9,32,69.4
claude_1306,4,21,88.66
claude_1306,1,28,
claude_1306,3,16,96.74
claude_1316,0,23,20.23
claude_1316,1,14,98.65
claude_1316,4,15,1
claude_1316,9,27,77.5
claude_1316,3,18,
claude_1367,3,15,1
claude_1367,4,13,1
claude_1367,1,15,1
claude_1367,0,23,1
claude_1367,9,28,98.65
claude_1368,0,14,1
claude_1368,3,14,20.23
claude_1368,1,13,
claude_1368,4,10,99
claude_1368,9,27,1
claude_1376,0,17,95.42
claude_1376,1,19,1
claude_1376,9,24,83
claude_1376,3,15,97.84
claude_1376,4,20,
claude_1389,1,16,1
claude_1389,3,14,1
claude_1389,9,29,1.05
claude_1389,0,23,1
claude_1389,4,16,
claude_1391,4,13,
claude_1391,3,13,99
claude_1391,0,21,1
claude_1391,1,24,1
claude_1391,9,26,79.29
claude_1393,1,12,
claude_1393,0,16,
claude_1393,4,16,
claude_1393,3,13,1
claude_1393,9,26,1
claude_1394,1,8,
claude_1394,0,13,99
claude_1394,4,10,
claude_1394,9,23,99
claude_1394,3,13,1
claude_1395,4,13,99
claude_1395,9,25,99
claude_1395,3,11,99
claude_1395,0,15,
claude_1395,1,14,
claude_1398,1,10,1
claude_1398,0,31,20.23
claude_1398,3,13,99
claude_1398,4,14,98.65
claude_1398,9,25,1
claude_1406,0,24,1
claude_1406,1,17,1
claude_1406,3,12,1
claude_1406,4,18,20.23
claude_1406,9,24,1
claude_1423,4,13,
claude_1423,1,12,99
claude_1423,3,11,
claude_1423,9,22,
claude_1423,0,19,
claude_1425,0,24,1
claude_1425,1,13,1
claude_1425,4,19,1
claude_1425,9,34,
claude_1425,3,16,
claude_1430,1,13,1
claude_1430,0,20,
claude_1430,3,13,
claude_1430,9,31,1
claude_1430,4,12,
claude_1440,3,18,1
claude_1440,0,25,1
claude_1440,1,27,
claude_1440,4,16,1
claude_1440,9,32,20.23
claude_1441,1,10,
claude_1441,0,21,1
claude_1441,3,14,
claude_1441,4,19,
claude_1441,9,26,
claude_1459,0,20,1
claude_1459,4,13,
claude_1459,1,15,
claude_1459,3,15,
claude_1459,9,20,1
claude_1466,4,12,
claude_1466,1,14,
claude_1466,9,28,
claude_1466,0,23,
claude_1466,3,18,
claude_1472,0,23,
claude_1472,3,15,1
claude_1472,1,15,1
claude_1472,4,11,1
claude_1472,9,23,20.23
claude_1473,1,24,1
claude_1473,0,22,
claude_1473,3,11,
claude_1473,4,16,
claude_1473,9,33,67.94
claude_1474,0,22,
claude_1474,1,14,1
claude_1474,3,15,1
claude_1474,4,44,55.62
claude_1474,9,29,
claude_1476,0,20,1
claude_1476,1,14,1
claude_1476,9,27,
claude_1476,4,17,
claude_1476,3,15,1
claude_1482,3,16,
claude_1482,0,19,1
claude_1482,9,27,
claude_1482,1,13,1
claude_1482,4,17,
claude_1483,0,22,1
claude_1483,1,11,
claude_1483,3,12,
claude_1483,9,2,
claude_1483,4,14,
claude_1489,0,18,1
claude_1489,1,12,99
claude_1489,3,16,20.23
claude_1489,9,27,77.5
claude_1489,4,48,
claude_1490,0,21,1
claude_1490,3,21,
claude_1490,4,18,93.93
claude_1490,9,30,
claude_1490,1,18,93.93
claude_1502,0,20,90.5
claude_1502,1,14,99
claude_1502,3,16,20.23
claude_1502,4,12,99
claude_1502,9,25,99
claude_1516,0,18,20.23
claude_1516,1,12,99
claude_1516,3,10,99
claude_1516,4,12,99
claude_1516,9,31,1.4
claude_1521,1,15,
claude_1521,3,17,
claude_1521,0,27,
claude_1521,4,13,99
claude_1521,9,29,74.09
claude_1522,0,27,
claude_1522,1,12,99
claude_1522,3,16,
claude_1522,4,14,1
claude_1522,9,28,75.77
claude_1523,0,16,
claude_1523,3,12,99
claude_1523,1,12,
claude_1523,9,31,70.91
claude_1523,4,13,1
claude_1525,0,10,
claude_1525,4,8,
claude_1525,9,22,99
claude_1525,1,10,99
claude_1525,3,9,
claude_1526,1,10,99
claude_1526,3,12,
claude_1526,4,8,
claude_1526,9,25,81.12
claude_1526,0,10,
claude_1529,0,17,95.42
claude_1529,4,15,
claude_1529,1,14,
claude_1529,9,29,74.09
claude_1529,3,12,
claude_1530,0,16,
claude_1530,1,16,96.74
claude_1530,4,14,
claude_1530,3,14,
claude_1530,9,30,
claude_1536,9,21,
claude_1536,0,13,1
claude_1536,3,12,
claude_1536,4,12,
claude_1536,1,8,
claude_1537,0,13,1
claude_1537,1,17,1
claude_1537,4,12,
claude_1537,9,27,77.5
claude_1537,3,13,
claude_1539,3,14,98.65
claude_1539,0,14,98.65
claude_1539,1,13,1
claude_1539,9,23,1
claude_1539,4,11,99
claude_1540,0,16,1
claude_1540,4,14,1
claude_1540,3,16,
claude_1540,9,32,96.74
claude_1540,1,13,
claude_1542,1,13,99
claude_1542,0,21,20.23
claude_1542,3,14,
claude_1542,4,17,95.42
claude_1542,9,24,99
claude_1543,0,18,99
claude_1543,1,10,99
claude_1543,3,14,
claude_1543,4,13,
claude_1543,9,30,72.45
claude_1544,0,17,
claude_1544,1,12,99
claude_1544,4,13,
claude_1544,3,15,1
claude_1544,9,27,
claude_1545,1,12,
claude_1545,0,14,
claude_1545,3,13,1
claude_1545,4,14,1
claude_1545,9,33,20.23
claude_1553,1,11,
claude_1553,3,16,96.74
claude_1553,4,13,
claude_1553,0,16,
claude_1553,9,26,
claude_1562,0,21,88.66
claude_1562,9,20,
claude_1562,3,12,
claude_1562,4,15,97.84
claude_1562,1,17,
claude_1563,3,13,
claude_1563,1,9,
claude_1563,9,22,86.79
claude_1563,4,14,
claude_1563,0,22,1
claude_1565,0,17,1
claude_1565,9,31,1.4
claude_1565,1,26,
claude_1565,4,14,
claude_1565,3,11,
claude_1566,0,20,1
claude_1566,1,26,
claude_1566,3,11,
claude_1566,4,14,
claude_1566,9,31,1.4
claude_1569,1,10,
claude_1569,3,13,
claude_1569,4,10,
claude_1569,9,30,
claude_1569,0,13,
claude_1570,0,13,
claude_1570,3,13,
claude_1570,4,11,
claude_1570,1,8,
claude_1570,9,30,
claude_1571,4,14,
claude_1571,0,15,
claude_1571,1,22,
claude_1571,3,15,
claude_1571,9,27,
claude_1572,3,12,
claude_1572,9,20,
claude_1572,4,11,
claude_1572,1,10,
claude_1572,0,23,
claude_1574,0,19,
claude_1574,3,9,99
claude_1574,4,11,
claude_1574,9,19,1
claude_1574,1,8,
claude_1575,0,16,96.74
claude_1575,3,13,
claude_1575,1,11,
claude_1575,9,39,20.23
claude_1575,4,12,99
claude_1577,4,10,99
claude_1577,0,25,1
claude_1577,1,11,99
claude_1577,3,13,99
claude_1577,9,32,69.4
claude_1578,1,10,
claude_1578,0,20,
claude_1578,4,13,99
claude_1578,9,28,
claude_1578,3,13,
claude_1589,0,11,
claude_1589,1,9,
claude_1589,4,10,
claude_1589,3,12,
claude_1589,9,27,
claude_1590,9,24,
claude_1590,0,19,92.27
claude_1590,1,16,99
claude_1590,4,13,20.23
claude_1590,3,15,97.84
claude_1595,0,16,
claude_1595,1,41,
claude_1595,9,33,
claude_1595,4,11,
claude_1595,3,18,
claude_1596,0,21,1
claude_1596,1,16,
claude_1596,3,15,
claude_1596,9,33,
claude_1596,4,11,
claude_1597,4,15,
claude_1597,3,13,99
claude_1597,1,26,1
claude_1597,9,28,
claude_1597,0,19,1
claude_1598,3,13,99
claude_1598,0,20,1
claude_1598,4,12,
claude_1598,1,13,99
claude_1598,9,23,
claude_1599,1,11,
claude_1599,4,12,
claude_1599,3,12,
claude_1599,9,32,
claude_1599,0,22,1
claude_1600,4,15,
claude_1600,9,30,
claude_1600,1,20,90.5
claude_1600,0,18,1
claude_1600,3,23,
claude_1601,4,16,
claude_1601,0,17,
claude_1601,3,9,
claude_1601,9,30,97.84
claude_1601,1,13,
claude_1602,0,17,
claude_1602,1,8,
claude_1602,9,26,
claude_1602,4,12,1
claude_1602,3,12,1
claude_1603,1,11,
claude_1603,3,15,
claude_1603,9,23,
claude_1603,4,11,
claude_1603,0,19,
claude_1604,0,18,
claude_1604,1,10,99
claude_1604,3,15,97.84
claude_1604,9,21,99
claude_1604,4,10,
claude_1606,0,24,1
claude_1606,9,24,20.23
claude_1606,4,11,1
claude_1606,3,12,99
claude_1606,1,22,20.23
claude_1607,0,25,81.12
claude_1607,3,14,
claude_1607,4,13,1
claude_1607,9,23,20.23
claude_1607,1,14,1
claude_1610,1,10,
claude_1610,3,11,99
claude_1610,4,10,
claude_1610,9,31,70.91
claude_1610,0,21,20.23
claude_1612,3,11,99
claude_1612,4,9,
claude_1612,1,14,99
claude_1612,0,17,95.42
claude_1612,9,23,99
claude_1613,0,17,
claude_1613,1,22,1
claude_1613,3,10,1
claude_1613,4,9,1
claude_1613,9,26,79.29
claude_1614,1,10,
claude_1614,9,21,88.66
claude_1614,4,13,
claude_1614,0,19,
claude_1614,3,13,
claude_1627,4,13,
claude_1627,1,18,
claude_1627,0,17,1
claude_1627,3,16,99
claude_1627,9,23,84.9
claude_1629,1,17,
claude_1629,3,16,
claude_1629,0,17,1
claude_1629,4,13,
claude_1629,9,25,
claude_1630,0,17,1
claude_1630,1,16,
claude_1630,9,25,
claude_1630,4,13,
claude_1630,3,16,
claude_1631,0,23,84.9
claude_1631,9,36,99
claude_1631,4,13,99
claude_1631,3,18,
claude_1631,1,12,
claude_1633,1,12,
claude_1633,0,21,1
claude_1633,9,31,70.91
claude_1633,4,13,
claude_1633,3,12,
claude_1637,0,20,1
claude_1637,1,15,
claude_1637,3,9,99
claude_1637,9,27,77.5
claude_1637,4,9,
claude_1638,3,16,1
claude_1638,1,12,20.23
claude_1638,9,31,70.91
claude_1638,0,19,20.23
claude_1638,4,11,1
claude_1639,1,16,
claude_1639,4,13,
claude_1639,3,18,
claude_1639,0,17,1
claude_1639,9,25,
claude_1640,0,17,1
claude_1640,1,16,
claude_1640,4,11,
claude_1640,9,24,83
claude_1640,3,18,
claude_1641,0,14,
claude_1641,3,14,
claude_1641,1,13,
claude_1641,4,14,
claude_1641,9,25,
claude_1649,0,20,1
claude_1649,3,18,20.23
claude_1649,4,16,20.23
claude_1649,1,16,
claude_1649,9,29,1.05
claude_1662,0,14,
claude_1662,1,13,
claude_1662,3,16,1
claude_1662,4,15,1
claude_1662,9,25,1
claude_1666,4,18,1
claude_1666,3,17,
claude_1666,0,20,
claude_1666,1,15,
claude_1666,9,26,79.29
claude_1667,3,19,92.27
claude_1667,4,18,1
claude_1667,1,13,
claude_1667,0,14,
claude_1667,9,27,77.5
claude_1672,0,26,
claude_1672,1,17,1
claude_1672,4,15,
claude_1672,3,14,
claude_1672,9,25,
claude_1677,4,12,1
claude_1677,1,11,
claude_1677,3,12,
claude_1677,0,24,
claude_1677,9,23,
claude_1678,9,34,95.42
claude_1678,0,21,
claude_1678,4,17,
claude_1678,1,11,99
claude_1678,3,13,99
claude_1681,0,12,99
claude_1681,1,16,96.74
claude_1681,3,12,99
claude_1681,4,15,97.84
claude_1681,9,28,98.65
claude_1682,0,24,83
claude_1682,3,11,99
claude_1682,1,13,99
claude_1682,9,27,77.5
claude_1682,4,12,
claude_1683,0,18,20.23
claude_1683,1,12,
claude_1683,4,10,
claude_1683,3,15,20.23
claude_1683,9,25,20.23
claude_1684,0,18,20.23
claude_1684,3,14,99
claude_1684,9,27,77.5
claude_1684,1,13,99
claude_1684,4,10,
claude_1685,3,9,
claude_1685,1,13,99
claude_1685,0,18,20.23
claude_1685,4,10,
claude_1685,9,32,1.56
claude_1686,0,18,20.23
claude_1686,1,13,99
claude_1686,4,10,
claude_1686,3,11,99
claude_1686,9,28,
claude_1690,1,13,20.23
claude_1690,3,15,20.23
claude_1690,4,12,99
claude_1690,0,16,99
claude_1690,9,30,72.45
claude_1691,1,11,20.23
claude_1691,3,15,20.23
claude_1691,0,16,96.74
claude_1691,4,14,1
claude_1691,9,23,84.9
claude_1692,1,9,99
claude_1692,0,21,88.66
claude_1692,9,24,83
claude_1692,3,14,
claude_1692,4,14,99
claude_1693,0,14,1
claude_1693,1,13,20.23
claude_1693,4,12,
claude_1693,3,16,
claude_1693,9,28,20.23
claude_1697,3,12,
claude_1697,0,21,1
claude_1697,1,13,99
claude_1697,9,20,90.5
claude_1697,4,12,
claude_1698,1,25,20.23
claude_1698,0,18,
claude_1698,9,30,
claude_1698,3,16,1
claude_1698,4,17,1
claude_1701,3,12,
claude_1701,1,13,1
claude_1701,4,17,95.42
claude_1701,0,20,1
claude_1701,9,27,77.5
claude_1705,1,15,1
claude_1705,4,14,
claude_1705,3,15,97.84
claude_1705,0,18,93.93
claude_1705,9,30,72.45
claude_1706,0,19,20.23
claude_1706,1,14,
claude_1706,4,15,
claude_1706,9,33,67.94
claude_1706,3,16,96.74
claude_1715,4,13,1
claude_1715,3,14,
claude_1715,1,13,
claude_1715,0,19,1
claude_1715,9,30,
claude_1716,0,18,
claude_1716,1,9,
claude_1716,4,13,1
claude_1716,9,28,20.23
claude_1716,3,14,20.23
claude_1717,1,15,
claude_1717,3,13,
claude_1717,4,16,1
claude_1717,9,23,
claude_1717,0,18,1
claude_1718,1,13,99
claude_1718,4,16,99
claude_1718,0,23,20.23
claude_1718,9,35,20.23
claude_1718,3,15,97.84
claude_1724,4,12,
claude_1724,3,18,
claude_1724,0,18,
claude_1724,1,16,1
claude_1724,9,30,
claude_1725,1,20,
claude_1725,0,26,1
claude_1725,4,12,
claude_1725,9,24,83
claude_1725,3,14,
claude_1727,1,18,
claude_1727,3,16,1
claude_1727,4,14,1
claude_1727,0,17,95.42
claude_1727,9,31,70.91
claude_1728,0,15,1
claude_1728,4,13,
claude_1728,1,12,
claude_1728,3,13,1
claude_1728,9,30,
claude_1730,0,19,
claude_1730,1,14,99
claude_1730,3,27,77.5
claude_1730,4,14,
claude_1730,9,35,65.27
claude_1732,3,18,93.93
claude_1732,1,11,99
claude_1732,9,26,99
claude_1732,4,14,98.65
claude_1732,0,20,1
claude_1733,0,20,1
claude_1733,3,12,99
claude_1733,1,12,99
claude_1733,4,14,98.65
claude_1733,9,28,75.77
claude_1734,0,16,
claude_1734,9,26,
claude_1734,1,10,
claude_1734,3,12,
claude_1734,4,8,
claude_1735,0,18,1
claude_1735,1,25,
claude_1735,3,16,
claude_1735,4,14,
claude_1735,9,32,69.4
claude_1740,3,12,20.23
claude_1740,0,19,20.23
claude_1740,4,15,20.23
claude_1740,1,15,99
claude_1740,9,31,99
claude_1742,1,14,99
claude_1742,9,26,99
claude_1742,3,15,99
claude_1742,4,13,99
claude_1742,0,20,99
claude_1743,4,17,1
claude_1743,1,15,1
claude_1743,0,26,1
claude_1743,9,24,1
claude_1743,3,17,1
claude_1744,3,12,1
claude_1744,1,24,83
claude_1744,9,33,96.12
claude_1744,0,11,
claude_1744,4,15,
claude_1747,3,8,
claude_1747,1,8,
claude_1747,4,10,
claude_1747,9,27,99
claude_1747,0,14,98.65
claude_1748,1,10,
claude_1748,3,16,
claude_1748,9,20,
claude_1748,4,11,
claude_1748,0,12,
claude_1750,0,14,
claude_1750,3,13,
claude_1750,4,11,
claude_1750,9,25,
claude_1750,1,8,
claude_1757,0,16,
claude_1757,4,11,
claude_1757,1,9,
claude_1757,3,16,
claude_1757,9,23,
claude_1758,3,19,1
claude_1758,0,16,
claude_1758,1,10,
claude_1758,9,19,
claude_1758,4,11,
claude_1760,0,26,1
claude_1760,1,16,99
claude_1760,4,12,1
claude_1760,3,11,20.23
claude_1760,9,24,1
claude_1761,0,23,84.9
claude_1761,1,16,99
claude_1761,3,11,20.23
claude_1761,9,24,1
claude_1761,4,18,1
claude_1762,1,10,20.23
claude_1762,4,16,1
claude_1762,0,16,1
claude_1762,9,24,1
claude_1762,3,11,20.23
claude_1763,4,13,
claude_1763,1,15,20.23
claude_1763,3,10,99
claude_1763,0,13,99
claude_1763,9,24,20.23
claude_1777,1,16,
claude_1777,0,20,90.5
claude_1777,3,16,96.74
claude_1777,4,14,98.65
claude_1777,9,30,20.23
claude_1785,0,21,1
claude_1785,1,12,1
claude_1785,3,15,1
claude_1785,4,10,20.23
claude_1785,9,14,1
claude_1786,1,12,99
claude_1786,3,14,1
claude_1786,0,19,20.23
claude_1786,4,13,
claude_1786,9,27,77.5
claude_1789,0,19,20.23
claude_1789,3,15,97.84
claude_1789,9,24,
claude_1789,4,11,1
claude_1789,1,24,83
claude_1797,0,15,97.84
claude_1797,1,9,20.23
claude_1797,3,13,
claude_1797,4,11,99
claude_1797,9,26,79.29
claude_1799,0,24,1
claude_1799,4,12,
claude_1799,1,9,
claude_1799,3,14,
claude_1799,9,27,99
claude_1800,1,11,99
claude_1800,3,17,1
claude_1800,0,22,1
claude_1800,4,12,99
claude_1800,9,27,1
claude_1801,9,28,1
claude_1801,3,16,
claude_1801,4,12,99
claude_1801,1,11,99
claude_1801,0,15,97.84
claude_1802,,19,1
claude_1802,,12,
claude_1802,,10,
claude_1802,,11,99
claude_1802,,29,74.09
claude_1803,,15,97.84
claude_1803,,13,
claude_1803,,17,
claude_1803,,26,79.29
claude_1803,4,12,99
claude_1805,0,16,1
claude_1805,4,14,1
claude_1805,1,14,1
claude_1805,3,18,93.93
claude_1805,9,24,1
claude_1810,,17,
claude_1810,,18,
claude_1810,4,11,
claude_1810,3,15,
claude_1810,9,26,79.29
claude_1821,0,17,
claude_1821,1,8,1
claude_1821,3,10,
claude_1821,9,27,77.5
claude_1821,4,17,1
claude_1822,0,17,
claude_1822,3,10,
claude_1822,1,18,
claude_1822,9,28,
claude_1822,4,14,
claude_1823,4,17,
claude_1823,3,9,
claude_1823,1,9,
claude_1823,0,17,
claude_1823,9,22,
claude_1824,1,9,
claude_1824,4,14,
claude_1824,0,19,
claude_1824,9,24,
claude_1824,3,11,
claude_1838,1,12,
claude_1838,3,11,1
claude_1838,0,14,1
claude_1838,9,29,20.23
claude_1838,4,12,
claude_1847,3,16,
claude_1847,1,12,1
claude_1847,9,29,1
claude_1847,0,16,1
claude_1847,4,15,
claude_1848,1,13,1
claude_1848,0,18,
claude_1848,9,26,79.29
claude_1848,3,8,1
claude_1848,4,16,1
claude_1851,1,13,1
claude_1851,0,21,88.66
claude_1851,4,12,1
claude_1851,3,14,20.23
claude_1851,9,30,
claude_1852,1,14,20.23
claude_1852,0,25,99
claude_1852,9,27,77.5
claude_1852,4,12,1
claude_1852,3,13,1
claude_1853,3,12,1
claude_1853,0,21,88.66
claude_1853,4,12,20.23
claude_1853,9,27,77.5
claude_1853,1,14,20.23
claude_1854,0,21,88.66
claude_1854,4,13,1
claude_1854,1,11,99
claude_1854,3,11,99
claude_1854,9,27,77.5
claude_1856,0,16,99
claude_1856,9,26,79.29
claude_1856,1,12,20.23
claude_1856,4,13,1
claude_1856,3,15,20.23
claude_1857,3,14,
claude_1857,1,9,
claude_1857,0,20,1
claude_1857,9,17,95.42
claude_1857,4,19,
